1.0
2.99886
5.51001
8.32385
11.42938
14.70911
18.14565
21.72113
25.46897
29.31323
33.21522
37.30585
41.34623
45.47118
49.84945
54.16425
58.55873
62.95307
67.31993
71.81229
76.51045
81.08386
85.7316
90.58691
95.36111
100.31172
104.97863
109.98474
114.94343
119.73851
124.81194
130.00822
135.09441
139.93092
145.09661
150.17364
155.55788
160.64652
165.8391
170.98408
176.54274
181.69196
187.17554
192.55307
197.84536
203.33165
208.8392
213.72082
219.36282
225.22815
230.19027
236.18547
241.52934
246.85875
252.7184
258.74946
263.89903
269.68044
275.27275
280.87633
286.39721
292.03809
298.28279
303.38748
309.20505
315.06145
320.47648
326.71998
332.73444
338.31314
344.20589
349.36849
355.99097
361.99757
368.39445
372.91609
379.76304
385.53559
391.37463
397.02198
403.38584
409.24335
415.43402
421.4824
426.67635
433.14268
439.10527
445.55852
451.67783
457.26223
463.43923
470.27844
475.93604
481.47252
488.66075
493.66949
500.18208
506.80707
512.55147
518.39066
524.97742
530.42729
537.12593
543.42651
550.12492
556.0556
562.30814
568.42396
574.84502
581.57137
587.43242
592.97946
599.91741
606.34009
612.90127
618.57008
625.04258
632.89282
637.99738
644.34446
650.66708
657.62664
663.67041
668.85584
677.04394
683.27188
689.07979
695.32092
701.94627
708.88168
715.65485
721.66
727.87147
733.83637
740.06912
746.85533
754.59915
760.38352
767.20556
772.63968
779.74394
786.0114
793.50619
799.34649
805.66523
812.3929
818.81324
826.42163
832.3985
838.4797
846.11094
851.98876
858.67043
865.2539
870.57144
878.84042
884.70537
891.05099
898.25175
903.89583
911.20582
917.67064
925.21271
931.81122
939.23538
944.27235
951.94665
959.28763
965.60278
971.99304
978.74491
985.95948
991.82261
998.34165
1006.98537
1012.82616
1020.4964
1025.8767
1032.90666
1038.45619
1045.84964
1052.3142
1059.65376
1065.7666
1071.93735
1078.52848
1088.53003
1093.31418
1100.31631
1107.25744
1113.52121
1119.94036
1127.46677
1133.64402
1141.24958
1149.42786
1154.90266
1161.47101
1168.15421
1175.53749
